GCAC
0.5031715 0.2593206 0.2375079
0.425297 0.4815018 0.09320119
0.8004232 0.08970132 0.1098755
GCAC
0.5031715 0.2593206 0.2375079
0.425297 0.4815018 0.09320119
0.8004232 0.08970132 0.1098755
CACT
0.2116459 0.7883541
0.2732639 0.7267361
0.3485418 0.6514582
ACTA
0.2679519 0.2229557 0.5090924
0.3668751 0.5962368 0.03688802
CTAG
0.683253 0.06383414 0.2529128
0.05227449 0.3868114 0.5609142
0.7253714 0.08965338 0.1849752
TAGA
0.0596782 0.2441748 0.3634236 0.3327235
0.3745013 0.4193842 0.05962706 0.1464874
0.192563 0.4405139 0.1737064 0.1932167
AGAT
0.07216551 0.8404365 0.08739804
0.04439297 0.8723357 0.08327129
0.04795558 0.8639347 0.08810977
0.07981561 0.7040847 0.2160997
GATC
0.1016891 0.2656543 0.342433 0.1540693 0.1361542
0.06134419 0.3061514 0.3360964 0.1693206 0.1270874
0.09474228 0.1829447 0.3382669 0.1694346 0.2146115
ATCG
0.1072644 0.2043202 0.1051931 0.5832224
0.09814828 0.7906792 0.03948732 0.07168521
0.5223628 0.3923141 0.05378356 0.03153956
0.01507955 0.490976 0.02962479 0.4643196
0.006749401 0.2152551 0.03948037 0.7385151
TCGA
0.2155148 0.6504046 0.0904567 0.03446191 0.009161938
0.06464261 0.2024264 0.4349263 0.2026317 0.09537299
0.2230246 0.3398471 0.1652506 0.2068819 0.06499575
0.07226033 0.01132557 0.0439464 0.5557106 0.3167571
CGAT
0.3486144 0.3196806 0.2049789 0.1267262
0.3106102 0.2017101 0.337466 0.1502138
0.2362066 0.09051655 0.4289941 0.2442827
0.2633517 0.1398456 0.3553544 0.2414482
0.2170791 0.09639474 0.4107852 0.2757409
GATG
0.2431368 0.3063222 0.450541
0.4953468 0.163437 0.3412162
0.2430498 0.2806171 0.4763332
0.2940842 0.214543 0.4913728
ATGT
0.053541 0.2363847 0.3539636 0.3561107
0.3784472 0.3497336 0.1959809 0.0758383
0.04079326 0.08703745 0.3138932 0.5582761
TGTA
0.1174176 0.02876157 0.8538209
0.1686035 0.271827 0.5595695
0.1902216 0.1560819 0.6536965
0.318281 0.5873337 0.09438531
GTAC
0.2776219 0.2171009 0.3107994 0.1944778
0.03366111 0.2104436 0.5841065 0.1717888
0.3557334 0.4454594 0.07775364 0.1210536
TACG
0.3159471 0.03328912 0.1648196 0.1569466 0.3289975
0.05887903 0.145279 0.6497767 0.07350443 0.07256086
0.07742483 0.4216749 0.4102599 0.06628164 0.02435876
0.1920779 0.06850649 0.2384416 0.2412338 0.2597403
ACGC
0.3899124 0.3587939 0.2512937
0.2800042 0.6950276 0.02496819
0.2967287 0.6053553 0.09791599
0.4022792 0.2888356 0.3088853
0.09902807 0.06021885 0.8407531
CGCT
0.2292033 0.4986738 0.2721229
0.2609983 0.6330131 0.1059886
0.1037453 0.7518519 0.1444028
GCTA
0.2094121 0.4252267 0.3653612
0.5420756 0.3812905 0.07663395
0.1513613 0.1531355 0.6955032
TAGC
0.4024273 0.2019261 0.1615851 0.02392944 0.1195981 0.09053387
0.08389926 0.0303339 0.007838144 0.08820034 0.1876344 0.6020939
0.3122678 0.3476228 0.1335727 0.0131903 0.09170597 0.1016404
AGCG
0.2397301 0.3052263 0.4550436
0.3886146 0.3482604 0.263125
0.3330018 0.3156952 0.351303
0.1706376 0.475607 0.3537554
0.2065567 0.4603534 0.33309
0.258997 0.5605884 0.1804146
GCGT
0.534813 0.08643739 0.04065487 0.1966817 0.141413
0.04774832 0.1241214 0.3838044 0.2325125 0.2118135
0.01087821 0.04996978 0.6476033 0.09446865 0.1970801
CGTA
0.5992669 0.04043987 0.07088802 0.2894052
0.4257623 0.1608484 0.1010826 0.3123067
0.06202922 0.6045838 0.2697494 0.06363758
0.5545084 0.1725869 0.08124686 0.1916578
0.1647159 0.3128857 0.3648117 0.1575867
TACA
0.3417053 0.5895243 0.06877045
0.193763 0.08806059 0.7181764
0.1952565 0.475721 0.3290225
0.2899667 0.2181873 0.491846
ACAT
0.2883363 0.3910006 0.2555358 0.06512729
0.4006129 0.072149 0.4766594 0.05057868
0.1819311 0.5778974 0.1051785 0.1349929
CATC
0.2733808 0.2075498 0.5190694
0.2223208 0.1176226 0.6600566
0.1356059 0.6311118 0.2332824
0.3146649 0.3439046 0.3414305
ATCT
0.5675688 0.0812359 0.1049166 0.2462788
0.2467589 0.1126587 0.2401768 0.4004056
0.1849502 0.1231046 0.2114015 0.4805437
TCTA
0.1605923 0.1357978 0.2834553 0.159552 0.2606027
0.1184496 0.2318395 0.3300506 0.1693169 0.1503433
0.1268007 0.2714686 0.2869432 0.1733265 0.1414609
0.0899382 0.2906799 0.2933251 0.1846972 0.1413597
TAGT
0.3672438 0.227156 0.08756524 0.318035
0.08017647 0.8334535 0.03419166 0.05217834
0.6077602 0.3225476 0.04923455 0.02045757
0.01619503 0.6313181 0.02829808 0.3241888
0.01476578 0.300181 0.04757864 0.6374745
AGTG
0.1431349 0.6686513 0.1396922 0.03791009 0.01061158
0.03535721 0.1136586 0.4595814 0.2435095 0.1478933
0.1666307 0.3328304 0.1866782 0.228282 0.08557879
0.04064356 0.009662264 0.05558018 0.5452088 0.3489052
GCAC
0.5031715 0.2593206 0.2375079
0.425297 0.4815018 0.09320119
0.8004232 0.08970132 0.1098755
CACT
0.2116459 0.7883541
0.2732639 0.7267361
0.3485418 0.6514582
ACTA
0.2679519 0.2229557 0.5090924
0.3668751 0.5962368 0.03688802
CTAG
0.683253 0.06383414 0.2529128
0.05227449 0.3868114 0.5609142
0.7253714 0.08965338 0.1849752
TAGA
0.0596782 0.2441748 0.3634236 0.3327235
0.3745013 0.4193842 0.05962706 0.1464874
0.192563 0.4405139 0.1737064 0.1932167
AGAT
0.07216551 0.8404365 0.08739804
0.04439297 0.8723357 0.08327129
0.04795558 0.8639347 0.08810977
0.07981561 0.7040847 0.2160997
GATC
0.1016891 0.2656543 0.342433 0.1540693 0.1361542
0.06134419 0.3061514 0.3360964 0.1693206 0.1270874
0.09474228 0.1829447 0.3382669 0.1694346 0.2146115
ATCG
0.1072644 0.2043202 0.1051931 0.5832224
0.09814828 0.7906792 0.03948732 0.07168521
0.5223628 0.3923141 0.05378356 0.03153956
0.01507955 0.490976 0.02962479 0.4643196
0.006749401 0.2152551 0.03948037 0.7385151
TCGA
0.2155148 0.6504046 0.0904567 0.03446191 0.009161938
0.06464261 0.2024264 0.4349263 0.2026317 0.09537299
0.2230246 0.3398471 0.1652506 0.2068819 0.06499575
0.07226033 0.01132557 0.0439464 0.5557106 0.3167571
CGAT
0.3486144 0.3196806 0.2049789 0.1267262
0.3106102 0.2017101 0.337466 0.1502138
0.2362066 0.09051655 0.4289941 0.2442827
0.2633517 0.1398456 0.3553544 0.2414482
0.2170791 0.09639474 0.4107852 0.2757409
GATG
0.2431368 0.3063222 0.450541
0.4953468 0.163437 0.3412162
0.2430498 0.2806171 0.4763332
0.2940842 0.214543 0.4913728
ATGT
0.053541 0.2363847 0.3539636 0.3561107
0.3784472 0.3497336 0.1959809 0.0758383
0.04079326 0.08703745 0.3138932 0.5582761
TGTA
0.1174176 0.02876157 0.8538209
0.1686035 0.271827 0.5595695
0.1902216 0.1560819 0.6536965
0.318281 0.5873337 0.09438531
GTAC
0.2776219 0.2171009 0.3107994 0.1944778
0.03366111 0.2104436 0.5841065 0.1717888
0.3557334 0.4454594 0.07775364 0.1210536
TACG
0.3159471 0.03328912 0.1648196 0.1569466 0.3289975
0.05887903 0.145279 0.6497767 0.07350443 0.07256086
0.07742483 0.4216749 0.4102599 0.06628164 0.02435876
0.1920779 0.06850649 0.2384416 0.2412338 0.2597403
ACGC
0.3899124 0.3587939 0.2512937
0.2800042 0.6950276 0.02496819
0.2967287 0.6053553 0.09791599
0.4022792 0.2888356 0.3088853
0.09902807 0.06021885 0.8407531
CGCT
0.2292033 0.4986738 0.2721229
0.2609983 0.6330131 0.1059886
0.1037453 0.7518519 0.1444028
GCTA
0.2094121 0.4252267 0.3653612
0.5420756 0.3812905 0.07663395
0.1513613 0.1531355 0.6955032
TAGC
0.4024273 0.2019261 0.1615851 0.02392944 0.1195981 0.09053387
0.08389926 0.0303339 0.007838144 0.08820034 0.1876344 0.6020939
0.3122678 0.3476228 0.1335727 0.0131903 0.09170597 0.1016404
AGCG
0.2397301 0.3052263 0.4550436
0.3886146 0.3482604 0.263125
0.3330018 0.3156952 0.351303
0.1706376 0.475607 0.3537554
0.2065567 0.4603534 0.33309
0.258997 0.5605884 0.1804146
GCGT
0.534813 0.08643739 0.04065487 0.1966817 0.141413
0.04774832 0.1241214 0.3838044 0.2325125 0.2118135
0.01087821 0.04996978 0.6476033 0.09446865 0.1970801
CGTA
0.5992669 0.04043987 0.07088802 0.2894052
0.4257623 0.1608484 0.1010826 0.3123067
0.06202922 0.6045838 0.2697494 0.06363758
0.5545084 0.1725869 0.08124686 0.1916578
0.1647159 0.3128857 0.3648117 0.1575867
TACA
0.3417053 0.5895243 0.06877045
0.193763 0.08806059 0.7181764
0.1952565 0.475721 0.3290225
0.2899667 0.2181873 0.491846
ACAT
0.2883363 0.3910006 0.2555358 0.06512729
0.4006129 0.072149 0.4766594 0.05057868
0.1819311 0.5778974 0.1051785 0.1349929
CATC
0.2733808 0.2075498 0.5190694
0.2223208 0.1176226 0.6600566
0.1356059 0.6311118 0.2332824
0.3146649 0.3439046 0.3414305
ATCT
0.5675688 0.0812359 0.1049166 0.2462788
0.2467589 0.1126587 0.2401768 0.4004056
0.1849502 0.1231046 0.2114015 0.4805437
TCTA
0.1605923 0.1357978 0.2834553 0.159552 0.2606027
0.1184496 0.2318395 0.3300506 0.1693169 0.1503433
0.1268007 0.2714686 0.2869432 0.1733265 0.1414609
0.0899382 0.2906799 0.2933251 0.1846972 0.1413597
TAGT
0.3672438 0.227156 0.08756524 0.318035
0.08017647 0.8334535 0.03419166 0.05217834
0.6077602 0.3225476 0.04923455 0.02045757
0.01619503 0.6313181 0.02829808 0.3241888
0.01476578 0.300181 0.04757864 0.6374745
AGTG
0.1431349 0.6686513 0.1396922 0.03791009 0.01061158
0.03535721 0.1136586 0.4595814 0.2435095 0.1478933
0.1666307 0.3328304 0.1866782 0.228282 0.08557879
0.04064356 0.009662264 0.05558018 0.5452088 0.3489052
GTGC
0.1208664 0.6194946 0.259639
0.06011205 0.7955263 0.1443616
0.06098486 0.8558113 0.08320387
0.06854792 0.8039291 0.127523
0.0621245 0.8445609 0.09331459
GCAC
0.5031715 0.2593206 0.2375079
0.425297 0.4815018 0.09320119
0.8004232 0.08970132 0.1098755
CACT
0.2116459 0.7883541
0.2732639 0.7267361
0.3485418 0.6514582
ACTA
0.2679519 0.2229557 0.5090924
0.3668751 0.5962368 0.03688802
CTAG
0.683253 0.06383414 0.2529128
0.05227449 0.3868114 0.5609142
0.7253714 0.08965338 0.1849752
TAGA
0.0596782 0.2441748 0.3634236 0.3327235
0.3745013 0.4193842 0.05962706 0.1464874
0.192563 0.4405139 0.1737064 0.1932167
AGAT
0.07216551 0.8404365 0.08739804
0.04439297 0.8723357 0.08327129
0.04795558 0.8639347 0.08810977
0.07981561 0.7040847 0.2160997
GATC
0.1016891 0.2656543 0.342433 0.1540693 0.1361542
0.06134419 0.3061514 0.3360964 0.1693206 0.1270874
0.09474228 0.1829447 0.3382669 0.1694346 0.2146115
ATCG
0.1072644 0.2043202 0.1051931 0.5832224
0.09814828 0.7906792 0.03948732 0.07168521
0.5223628 0.3923141 0.05378356 0.03153956
0.01507955 0.490976 0.02962479 0.4643196
0.006749401 0.2152551 0.03948037 0.7385151
TCGA
0.2155148 0.6504046 0.0904567 0.03446191 0.009161938
0.06464261 0.2024264 0.4349263 0.2026317 0.09537299
0.2230246 0.3398471 0.1652506 0.2068819 0.06499575
0.07226033 0.01132557 0.0439464 0.5557106 0.3167571
CGAT
0.3486144 0.3196806 0.2049789 0.1267262
0.3106102 0.2017101 0.337466 0.1502138
0.2362066 0.09051655 0.4289941 0.2442827
0.2633517 0.1398456 0.3553544 0.2414482
0.2170791 0.09639474 0.4107852 0.2757409
GATG
0.2431368 0.3063222 0.450541
0.4953468 0.163437 0.3412162
0.2430498 0.2806171 0.4763332
0.2940842 0.214543 0.4913728
ATGT
0.053541 0.2363847 0.3539636 0.3561107
0.3784472 0.3497336 0.1959809 0.0758383
0.04079326 0.08703745 0.3138932 0.5582761
TGTA
0.1174176 0.02876157 0.8538209
0.1686035 0.271827 0.5595695
0.1902216 0.1560819 0.6536965
0.318281 0.5873337 0.09438531
GTAC
0.2776219 0.2171009 0.3107994 0.1944778
0.03366111 0.2104436 0.5841065 0.1717888
0.3557334 0.4454594 0.07775364 0.1210536
TACG
0.3159471 0.03328912 0.1648196 0.1569466 0.3289975
0.05887903 0.145279 0.6497767 0.07350443 0.07256086
0.07742483 0.4216749 0.4102599 0.06628164 0.02435876
0.1920779 0.06850649 0.2384416 0.2412338 0.2597403
ACGC
0.3899124 0.3587939 0.2512937
0.2800042 0.6950276 0.02496819
0.2967287 0.6053553 0.09791599
0.4022792 0.2888356 0.3088853
0.09902807 0.06021885 0.8407531
CGCT
0.2292033 0.4986738 0.2721229
0.2609983 0.6330131 0.1059886
0.1037453 0.7518519 0.1444028
GCTA
0.2094121 0.4252267 0.3653612
0.5420756 0.3812905 0.07663395
0.1513613 0.1531355 0.6955032
CTAG
0.4024273 0.2019261 0.1615851 0.02392944 0.1195981 0.09053387
0.08389926 0.0303339 0.007838144 0.08820034 0.1876344 0.6020939
0.3122678 0.3476228 0.1335727 0.0131903 0.09170597 0.1016404
TAGC
0.2397301 0.3052263 0.4550436
0.3886146 0.3482604 0.263125
0.3330018 0.3156952 0.351303
0.1706376 0.475607 0.3537554
0.2065567 0.4603534 0.33309
0.258997 0.5605884 0.1804146
AGCG
0.534813 0.08643739 0.04065487 0.1966817 0.141413
0.04774832 0.1241214 0.3838044 0.2325125 0.2118135
0.01087821 0.04996978 0.6476033 0.09446865 0.1970801
GCGT
0.5992669 0.04043987 0.07088802 0.2894052
0.4257623 0.1608484 0.1010826 0.3123067
0.06202922 0.6045838 0.2697494 0.06363758
0.5545084 0.1725869 0.08124686 0.1916578
0.1647159 0.3128857 0.3648117 0.1575867
CGTA
0.3417053 0.5895243 0.06877045
0.193763 0.08806059 0.7181764
0.1952565 0.475721 0.3290225
0.2899667 0.2181873 0.491846
GTAC
0.2883363 0.3910006 0.2555358 0.06512729
0.4006129 0.072149 0.4766594 0.05057868
0.1819311 0.5778974 0.1051785 0.1349929
TACA
0.2733808 0.2075498 0.5190694
0.2223208 0.1176226 0.6600566
0.1356059 0.6311118 0.2332824
0.3146649 0.3439046 0.3414305
ACAT
0.5675688 0.0812359 0.1049166 0.2462788
0.2467589 0.1126587 0.2401768 0.4004056
0.1849502 0.1231046 0.2114015 0.4805437
CATC
0.1605923 0.1357978 0.2834553 0.159552 0.2606027
0.1184496 0.2318395 0.3300506 0.1693169 0.1503433
0.1268007 0.2714686 0.2869432 0.1733265 0.1414609
0.0899382 0.2906799 0.2933251 0.1846972 0.1413597
ATCG
0.3672438 0.227156 0.08756524 0.318035
0.08017647 0.8334535 0.03419166 0.05217834
0.6077602 0.3225476 0.04923455 0.02045757
0.01619503 0.6313181 0.02829808 0.3241888
0.01476578 0.300181 0.04757864 0.6374745
TCGA
0.1431349 0.6686513 0.1396922 0.03791009 0.01061158
0.03535721 0.1136586 0.4595814 0.2435095 0.1478933
0.1666307 0.3328304 0.1866782 0.228282 0.08557879
0.04064356 0.009662264 0.05558018 0.5452088 0.3489052
CGAT
0.1208664 0.6194946 0.259639
0.06011205 0.7955263 0.1443616
0.06098486 0.8558113 0.08320387
0.06854792 0.8039291 0.127523
0.0621245 0.8445609 0.09331459
GCAC
0.5031715 0.2593206 0.2375079
0.425297 0.4815018 0.09320119
0.8004232 0.08970132 0.1098755
CACT
0.2116459 0.7883541
0.2732639 0.7267361
0.3485418 0.6514582
ACTA
0.2679519 0.2229557 0.5090924
0.3668751 0.5962368 0.03688802
CTAG
0.683253 0.06383414 0.2529128
0.05227449 0.3868114 0.5609142
0.7253714 0.08965338 0.1849752
TAGA
0.0596782 0.2441748 0.3634236 0.3327235
0.3745013 0.4193842 0.05962706 0.1464874
0.192563 0.4405139 0.1737064 0.1932167
AGAT
0.07216551 0.8404365 0.08739804
0.04439297 0.8723357 0.08327129
0.04795558 0.8639347 0.08810977
0.07981561 0.7040847 0.2160997
GATC
0.1016891 0.2656543 0.342433 0.1540693 0.1361542
0.06134419 0.3061514 0.3360964 0.1693206 0.1270874
0.09474228 0.1829447 0.3382669 0.1694346 0.2146115
ATCG
0.1072644 0.2043202 0.1051931 0.5832224
0.09814828 0.7906792 0.03948732 0.07168521
0.5223628 0.3923141 0.05378356 0.03153956
0.01507955 0.490976 0.02962479 0.4643196
0.006749401 0.2152551 0.03948037 0.7385151
TCGA
0.2155148 0.6504046 0.0904567 0.03446191 0.009161938
0.06464261 0.2024264 0.4349263 0.2026317 0.09537299
0.2230246 0.3398471 0.1652506 0.2068819 0.06499575
0.07226033 0.01132557 0.0439464 0.5557106 0.3167571
CGAT
0.3486144 0.3196806 0.2049789 0.1267262
0.3106102 0.2017101 0.337466 0.1502138
0.2362066 0.09051655 0.4289941 0.2442827
0.2633517 0.1398456 0.3553544 0.2414482
0.2170791 0.09639474 0.4107852 0.2757409
GATG
0.2431368 0.3063222 0.450541
0.4953468 0.163437 0.3412162
0.2430498 0.2806171 0.4763332
0.2940842 0.214543 0.4913728
ATGT
0.053541 0.2363847 0.3539636 0.3561107
0.3784472 0.3497336 0.1959809 0.0758383
0.04079326 0.08703745 0.3138932 0.5582761
TGTA
0.1174176 0.02876157 0.8538209
0.1686035 0.271827 0.5595695
0.1902216 0.1560819 0.6536965
0.318281 0.5873337 0.09438531
GTAC
0.2776219 0.2171009 0.3107994 0.1944778
0.03366111 0.2104436 0.5841065 0.1717888
0.3557334 0.4454594 0.07775364 0.1210536
TACG
0.3159471 0.03328912 0.1648196 0.1569466 0.3289975
0.05887903 0.145279 0.6497767 0.07350443 0.07256086
0.07742483 0.4216749 0.4102599 0.06628164 0.02435876
0.1920779 0.06850649 0.2384416 0.2412338 0.2597403
ACGC
0.3899124 0.3587939 0.2512937
0.2800042 0.6950276 0.02496819
0.2967287 0.6053553 0.09791599
0.4022792 0.2888356 0.3088853
0.09902807 0.06021885 0.8407531
CGCT
0.2292033 0.4986738 0.2721229
0.2609983 0.6330131 0.1059886
0.1037453 0.7518519 0.1444028
GCTA
0.2094121 0.4252267 0.3653612
0.5420756 0.3812905 0.07663395
0.1513613 0.1531355 0.6955032
CTAG
0.4024273 0.2019261 0.1615851 0.02392944 0.1195981 0.09053387
0.08389926 0.0303339 0.007838144 0.08820034 0.1876344 0.6020939
0.3122678 0.3476228 0.1335727 0.0131903 0.09170597 0.1016404
TAGC
0.2397301 0.3052263 0.4550436
0.3886146 0.3482604 0.263125
0.3330018 0.3156952 0.351303
0.1706376 0.475607 0.3537554
0.2065567 0.4603534 0.33309
0.258997 0.5605884 0.1804146
AGCG
0.534813 0.08643739 0.04065487 0.1966817 0.141413
0.04774832 0.1241214 0.3838044 0.2325125 0.2118135
0.01087821 0.04996978 0.6476033 0.09446865 0.1970801
GCGT
0.5992669 0.04043987 0.07088802 0.2894052
0.4257623 0.1608484 0.1010826 0.3123067
0.06202922 0.6045838 0.2697494 0.06363758
0.5545084 0.1725869 0.08124686 0.1916578
0.1647159 0.3128857 0.3648117 0.1575867
CGTA
0.3417053 0.5895243 0.06877045
0.193763 0.08806059 0.7181764
0.1952565 0.475721 0.3290225
0.2899667 0.2181873 0.491846
GTAC
0.2883363 0.3910006 0.2555358 0.06512729
0.4006129 0.072149 0.4766594 0.05057868
0.1819311 0.5778974 0.1051785 0.1349929
TACA
0.2733808 0.2075498 0.5190694
0.2223208 0.1176226 0.6600566
0.1356059 0.6311118 0.2332824
0.3146649 0.3439046 0.3414305
ACAT
0.5675688 0.0812359 0.1049166 0.2462788
0.2467589 0.1126587 0.2401768 0.4004056
0.1849502 0.1231046 0.2114015 0.4805437
CATC
0.1605923 0.1357978 0.2834553 0.159552 0.2606027
0.1184496 0.2318395 0.3300506 0.1693169 0.1503433
0.1268007 0.2714686 0.2869432 0.1733265 0.1414609
0.0899382 0.2906799 0.2933251 0.1846972 0.1413597
ATCG
0.3672438 0.227156 0.08756524 0.318035
0.08017647 0.8334535 0.03419166 0.05217834
0.6077602 0.3225476 0.04923455 0.02045757
0.01619503 0.6313181 0.02829808 0.3241888
0.01476578 0.300181 0.04757864 0.6374745
TCGA
0.1431349 0.6686513 0.1396922 0.03791009 0.01061158
0.03535721 0.1136586 0.4595814 0.2435095 0.1478933
0.1666307 0.3328304 0.1866782 0.228282 0.08557879
0.04064356 0.009662264 0.05558018 0.5452088 0.3489052
CGAT
0.1208664 0.6194946 0.259639
0.06011205 0.7955263 0.1443616
0.06098486 0.8558113 0.08320387
0.06854792 0.8039291 0.127523
0.0621245 0.8445609 0.09331459
GATC
0.06962875 0.3397942 0.1318026 0.4587744
0.05398331 0.3367166 0.187287 0.4220131
0.2550996 0.2000813 0.1518895 0.3929297
ATCT
0.5421158 0.3449486 0.1129356
0.1691918 0.3571585 0.4736497
0.2300653 0.4153786 0.3545561
0.628154 0.2950107 0.07683535
TCTA
0.5760117 0.3457311 0.0782572
0.2570933 0.08415085 0.6587558
0.09477213 0.06553351 0.8396944
CTAG
0.2595134 0.7404866
0.8734848 0.1265152
0.1652554 0.8347446
TAGT
0.2729182 0.4379718 0.2891101
0.2180537 0.4946533 0.287293
AGTG
0.195061 0.3171806 0.4877584
0.07463815 0.5145264 0.4108355
0.2119212 0.1168155 0.6712633
