AACG
0.1098984 0.06999443 0.3470215 0.40394 0.06914569
0.08966908 0.4388816 0.2469083 0.04118885 0.1833522
0.1093649 0.2554969 0.3431258 0.1006463 0.191366
0.1471267 0.4667953 0.1804262 0.05417582 0.151476
ACGT
0.5217842 0.1135215 0.1999491 0.1211223 0.04362294
0.04630105 0.5849381 0.04834702 0.1921524 0.1282614
0.1252005 0.1964431 0.129337 0.3179855 0.2310339
0.4380129 0.05466663 0.3214563 0.1419779 0.04388627
0.1249206 0.439301 0.0574665 0.225114 0.153198
CGTG
0.1788732 0.2615871 0.5595398
0.699697 0.07229882 0.2280042
0.6617446 0.06382852 0.2744269
0.6484627 0.1313083 0.220229
0.2082971 0.6505947 0.1411082
GTGC
0.7511049 0.04305769 0.2058374
0.05349376 0.712935 0.2335712
0.3017455 0.2634484 0.434806
TGCT
0.1851609 0.2776253 0.1050085 0.1417207 0.1155877 0.1748968
0.1817781 0.2395815 0.1403867 0.1189805 0.1729697 0.1463034
0.1396488 0.3183562 0.1642022 0.1081751 0.09427665 0.1753411
GCTA
0.1129342 0.2291756 0.2999895 0.1377965 0.2201041
0.2409471 0.5323115 0.170712 0.02339265 0.03263675
0.3063458 0.4519521 0.09160047 0.02227662 0.127825
0.02213296 0.02216446 0.2932577 0.2187303 0.4437146
0.04320718 0.02351455 0.1832256 0.1225445 0.6275081
0.04327398 0.03434084 0.2081267 0.156657 0.5576015
CTAT
0.2156457 0.2330094 0.1963245 0.3550204
0.1045118 0.1907474 0.5264587 0.1782821
0.2008135 0.09973208 0.2466995 0.4527549
0.3854106 0.08815023 0.05874077 0.4676984
0.3488297 0.06588303 0.04137097 0.5439163
TATG
0.5075413 0.1487509 0.2177974 0.1259104
0.4023607 0.2469462 0.14965 0.2010431
0.1490784 0.5039769 0.2306609 0.1162839
0.1097531 0.5526644 0.2218395 0.115743
ATGG
0.5636459 0.04586996 0.3904842
0.1846051 0.7965569 0.01883796
0.3174893 0.5523293 0.1301814
0.7176438 0.108513 0.1738432
TGGA
0.1511585 0.08395932 0.3665465 0.07355705 0.3247786
0.3059899 0.2607349 0.1784254 0.2018454 0.0530044
0.1049842 0.00762384 0.1054184 0.009347823 0.7726257
