GCAC
1
CACT
3.43952 -0.4146762 -0.4863539 -0.1619661 -0.02868053 -0.2260469 1.032685 1.1605 -0.2993207 -0.09629302 0.008535544 -0.1399852
-0.2692404 4.763638 0.8439837 0.031274 0.0334778 -0.1650999 -0.6860072 -0.6438376 -0.04928451 0.06593887 -0.02893606 -0.01966899
0.07937196 0.7109269 10.53106 0.1971083 -0.05057857 -0.1477392 -0.1398348 -0.4721045 1.921994 0.2319061 -0.03720842 -0.04885214
-0.1242243 0.02915454 0.1975346 0.05141544 0.003257155 0.002872452 -0.1023854 -0.0720314 0.03594248 0.02368489 -0.00525156 0.0008172569
-0.0004672065 0.02478338 -0.03544583 0.003783487 0.02027572 0.003792785 0.01786214 -0.03414023 0.02360534 0.006940733 0.000605936 0.005803338
-0.1933255 -0.1319941 -0.1246372 0.004899307 0.003055187 0.06989826 -0.0504843 -0.07733081 -0.03555703 7.595472e-05 0.005672604 0.01717272
1.684257 -1.167003 -0.4156312 -0.1243508 -0.01005706 -0.05173274 0.7023815 0.6711579 -0.1160628 -0.07143607 0.01636051 -0.05246202
-0.2583042 -1.021191 -0.2612445 -0.08914442 -0.02604435 0.04868623 0.1813489 0.12075 0.0185394 -0.0490131 0.01365541 0.01897335
-0.03401194 -0.5842405 3.024089 0.1007996 0.01048377 0.03416019 0.005512574 -0.1575251 0.6019139 0.08479044 -0.005548762 0.003837116
-0.06554341 0.059519 0.3153504 0.0297443 0.008160966 -0.001794151 -0.04829707 -0.061144 0.06930329 0.01907639 -0.003241362 0.001593555
0.002321463 -0.0122594 -0.03567575 -0.004988434 0.0005072133 0.002413284 0.009212377 0.003638402 -0.005149572 -0.002350294 0.0007716898 0.000874414
0.03349507 -0.001538113 0.009795659 0.003555455 0.002270306 0.01820193 -0.001657826 -0.009178003 -0.01192469 0.001597042 0.001560554 0.00182634
3.075241 -0.2293109 0.1908193 -0.04344606 0.03060625 0.003803548
-0.2293109 5.294631 2.956407 0.01075096 0.01932179 -0.1688956
0.1908193 2.956407 11.70357 0.05086817 0.06503059 -0.1654371
-0.04344606 0.01075096 0.05086817 0.0490199 0.008177943 0.0002557228
0.03060625 0.01932179 0.06503059 0.008177943 0.02985326 0.00574827
0.003803548 -0.1688956 -0.1654371 0.0002557228 0.00574827 0.05304386
-1.327407 0.1860663 3.2756 -3.77437 2.92243 36.35848
GCAC
2
CACT
2.970328 -1.22067 0.5432723 -0.1504666 -0.01823374 0.225728 1.47526 -0.5498748 0.08463147 -0.1296315 -0.03542815 0.1115467
-0.9962993 2.297644 1.544994 0.03808542 0.02808375 -0.1440252 -0.7770541 -1.245161 0.408778 0.1119553 0.005497133 0.06345375
0.4962538 1.258368 8.173966 0.0836389 -0.05524475 -0.1320945 -0.303458 -0.8100336 2.66018 0.2198782 -0.01516213 0.03168758
-0.1657776 0.02579723 0.0823236 0.04446083 0.002622434 -0.005031137 -0.1701478 -0.1009425 0.110455 0.02667564 -0.002388408 0.005334192
-0.0221953 0.01846353 -0.06146974 0.002195412 0.02182117 0.004094737 -0.02157259 -0.02063155 0.02967515 0.00800677 0.00192449 0.002465741
0.1565811 -0.152823 -0.1626892 -0.003570726 0.003430078 0.05271563 -0.03903154 0.05444728 -0.02056086 -0.009661794 -0.001663496 0.01540002
1.764332 -1.042503 -0.04915831 -0.1195918 -0.002578429 0.1526729 0.9658661 0.0852192 -0.08322524 -0.1014356 -0.01435357 0.03993362
0.01450432 -0.2905259 -0.3763998 -0.07647061 -0.02673888 -0.01856849 0.2898125 0.5864568 -0.3121564 -0.05805683 0.009320263 -0.05195277
0.3967409 -0.1112388 2.095072 0.05126013 0.01220573 0.03721905 -0.1107084 -0.1515133 0.8577201 0.06869711 -0.008035667 0.02570394
-0.09226342 0.06296517 0.2005703 0.0236773 0.008280862 -0.006334683 -0.09990777 -0.07463355 0.1212143 0.02109999 -0.0004851672 0.00343064
0.01632766 -0.008453487 -0.02607797 -0.004466684 0.0006313105 0.001998062 0.01464367 0.01450924 -0.01419964 -0.002871419 0.0003347798 -0.0003626667
0.1468252 -0.07068558 0.01576054 -0.0009033289 0.002775733 0.02777922 0.007082515 -0.0315754 0.02754611 -0.00275344 -0.00218647 0.01243043
3.075241 -0.2293109 0.1908193 -0.04344606 0.03060625 0.003803548
-0.2293109 5.294631 2.956407 0.01075096 0.01932179 -0.1688956
0.1908193 2.956407 11.70357 0.05086817 0.06503059 -0.1654371
-0.04344606 0.01075096 0.05086817 0.0490199 0.008177943 0.0002557228
0.03060625 0.01932179 0.06503059 0.008177943 0.02985326 0.00574827
0.003803548 -0.1688956 -0.1654371 0.0002557228 0.00574827 0.05304386
0.4051494 -0.09338502 3.433487 1.618659 4.35767 40.32627
GCAC
3
CACT
2.599227 -0.1732556 -0.1413169 -0.01052102 0.04908332 0.02451893 2.155457 -0.6002475 -0.07042954 -0.03450233 0.05774199 -0.08966721
0.1680365 4.254358 1.640901 0.01651263 -0.03487143 -0.01258179 -0.6405911 -0.5442149 -0.09308795 0.03946794 -0.01990328 0.004081713
0.05790198 1.76827 8.710473 0.1085755 -0.1415449 -0.2422115 -0.7365903 -0.05352256 2.399628 0.2391988 -0.04740316 -0.04623299
-0.008128669 0.03973469 0.0775866 0.04497825 0.0007860217 -0.001479274 -0.1762659 -0.004414574 0.08367838 0.01999628 -0.007773444 0.0003210741
0.05121203 -0.02094422 -0.1525664 0.0030005 0.0274503 0.009485912 -0.007807602 -0.01590609 -0.001132918 0.004352886 -0.00169805 0.006883051
0.001360963 0.004362747 -0.2434152 -0.002049639 0.006137492 0.0311563 -0.1317802 0.1379231 -0.03565773 -0.006006928 -0.00382971 0.009076177
1.191563 -0.9299012 -0.4468685 -0.05069536 0.04486565 0.0257605 1.223916 -0.1284746 -0.05785277 -0.03778248 0.03479167 -0.03558881
-0.5426524 -0.9567636 -0.1602354 -0.09942897 -0.02781477 -0.0185939 0.1513004 0.2177751 -0.09084304 -0.04291932 0.01195934 0.00673505
0.1804734 -0.1188689 2.017456 0.07162569 0.00731401 -0.03286126 -0.290171 0.1245952 0.7722649 0.08242908 -0.02054432 -0.002118803
0.006516548 0.06431374 0.1810307 0.02406535 0.007107578 -0.003302869 -0.1071896 -0.01180196 0.09102435 0.01638304 -0.005425798 0.001895628
-0.001902951 -0.01213063 -0.03043721 -0.004676751 0.001151352 0.001517098 0.0124566 0.005297384 -0.01170913 -0.002293277 0.000618245 0.0006332261
0.1052909 0.06051311 -0.04763196 0.005045659 0.005480927 0.01312444 -0.005332591 0.02538229 0.002274394 0.0005012034 -0.0009048773 0.0007277709
3.075241 -0.2293109 0.1908193 -0.04344606 0.03060625 0.003803548
-0.2293109 5.294631 2.956407 0.01075096 0.01932179 -0.1688956
0.1908193 2.956407 11.70357 0.05086817 0.06503059 -0.1654371
-0.04344606 0.01075096 0.05086817 0.0490199 0.008177943 0.0002557228
0.03060625 0.01932179 0.06503059 0.008177943 0.02985326 0.00574827
0.003803548 -0.1688956 -0.1654371 0.0002557228 0.00574827 0.05304386
-0.1168408 -0.5457906 3.166794 0.7560482 10.61587 28.74957
CACT
1
ACTA
1.928312 -1.120524 -0.2611524 0.00568148 0.06631801 -0.07281718 1.087935 1.03545 -0.1335886 -0.05173579 -0.02438275 0.04710233
-0.4452366 7.169797 3.007022 0.02696095 -0.004780574 -0.06119901 0.04681936 -0.4568188 0.1153052 0.04758855 -0.003057699 0.03456575
-0.3399554 3.546617 13.71437 -0.0163657 -0.04517057 -0.1877877 -1.061876 -1.097348 2.311317 0.009255516 0.01282799 -0.100582
0.02192978 0.1019839 -0.05105253 0.05466861 0.01069995 -0.007117697 -0.04757451 -0.05994948 -0.1341204 0.01044764 -0.005515391 -0.006532484
0.04417227 0.02203317 -0.03529698 0.01168285 0.03140458 -0.0003329266 -0.03412064 -0.03938738 -0.01362334 0.004280632 0.000949859 0.001293501
-0.0873287 -0.007198683 -0.1904342 -0.002472267 -0.0005159151 0.05047659 -0.06146944 -0.07890751 -0.1183387 0.00707075 -0.00102071 0.008484315
0.2043703 -0.7196765 0.01409505 -0.03475629 0.01184475 -0.0008034571 0.08640484 0.1323077 0.1142335 -0.01390914 0.002692124 0.003872315
0.5599151 -1.768566 0.04198438 -0.03570786 0.00728482 -0.04924723 0.2573474 0.3814077 0.2256623 -0.03373407 0.0001775527 -0.005624387
-0.0343012 -0.9068615 2.383342 -0.1241624 -0.01007756 -0.09177966 -0.1301406 0.03022307 0.9463649 -0.03650307 0.02168389 -0.03003207
-0.0651419 0.1443279 -0.002645155 0.008731691 0.001543779 0.005097529 -0.04438452 -0.05360066 -0.02976687 0.004629616 -0.0001723787 -0.0008378568
-0.04382999 0.01002226 0.02468617 -0.007922025 -0.00336708 0.007696268 -0.0192261 -0.01884658 0.01167475 0.0001586805 0.000968588 0.0008972292
-0.00975107 0.0005277624 -0.06099499 -0.002123677 0.003275044 0.009197971 -0.00856143 -0.012356 -0.01915265 0.00114812 0.0002229151 0.002313271
2.568269 0.01308147 -0.3103319 -0.01075794 -0.05008395 -0.03319608
0.01308147 3.861055 1.840758 0.003963783 -0.06053154 -0.03775977
-0.3103319 1.840758 10.04193 0.212609 -0.04413577 -0.2240335
-0.01075794 0.003963783 0.212609 0.04770446 -0.004258886 -0.006213315
-0.05008395 -0.06053154 -0.04413577 -0.004258886 0.02248444 0.005874579
-0.03319608 -0.03775977 -0.2240335 -0.006213315 0.005874579 0.04541895
0.3718924 -0.6052395 3.178379 -1.14024 1.78503 28.03142
CACT
2
ACTA
3.871008 -0.2092813 0.3938668 -0.06549816 0.04032147 -0.06362893 -0.1755844 0.1921735 -0.1977609 -0.05096148 -0.001912589 -0.01058739
-0.4701472 6.07011 1.927691 0.07253003 0.02497149 -0.1479452 -0.7230514 -1.059035 -0.08559366 0.02049432 -0.01360599 -0.06571063
0.3841531 1.92231 11.54255 0.01950918 0.09280205 -0.1785903 -0.1465371 -0.2783718 1.921526 -0.02173003 0.01687124 -0.04667723
-0.08566703 0.07232421 0.01645681 0.05572807 0.007461821 0.001735384 0.003642853 -0.02328767 -0.1173122 0.01137361 -0.00640659 -0.0007371171
0.05373804 0.0103642 0.1005782 0.005283385 0.02497128 0.01362676 0.06107505 0.03790623 0.01687765 0.003935211 -0.001260251 0.008067421
-0.04053107 -0.1616673 -0.1778989 -0.001239663 0.01261636 0.06066368 0.08177691 0.05249531 -0.1173682 0.001666707 0.002814179 0.0126656
0.466123 -0.5590403 0.1354926 -0.04779199 0.008920508 0.00779541 0.06928766 0.1367581 0.1205516 -0.01277213 0.005200301 0.007846098
1.032854 -1.242543 0.282607 -0.06134397 -0.008586795 -0.0413329 0.04703886 0.237377 0.2300949 -0.02459325 0.004735218 7.066945e-05
0.0648526 -0.7323201 2.074008 -0.1297688 -0.01074398 -0.1004661 0.03648451 0.1377884 0.9095614 -0.02912427 0.01496738 -0.008348219
-0.135957 0.08578169 -0.01380748 0.01129801 0.002762482 0.006650995 0.00691988 -0.01660887 -0.02547502 0.003914059 -0.0009326904 0.001002186
-0.05072041 -0.02227047 -0.001430641 -0.006613327 -0.0004193946 0.007326402 0.01026626 0.005118829 0.008723151 -0.0007068131 0.00129506 0.001481203
0.00479312 -0.02301057 -0.0427082 -0.002796231 0.00460155 0.01191934 0.0199349 0.01356594 -0.0157112 0.0001611048 0.0006303937 0.003151411
2.568269 0.01308147 -0.3103319 -0.01075794 -0.05008395 -0.03319608
0.01308147 3.861055 1.840758 0.003963783 -0.06053154 -0.03775977
-0.3103319 1.840758 10.04193 0.212609 -0.04413577 -0.2240335
-0.01075794 0.003963783 0.212609 0.04770446 -0.004258886 -0.006213315
-0.05008395 -0.06053154 -0.04413577 -0.004258886 0.02248444 0.005874579
-0.03319608 -0.03775977 -0.2240335 -0.006213315 0.005874579 0.04541895
-0.8400417 -0.4073711 3.410276 -3.560158 -3.183909 36.33327
CACT
3
ACTA
4.375813 -0.6935791 0.16554 -0.09921484 -0.005243561 0.07979032 0.3332804 0.5695857 -0.2614317 -0.08463696 -0.02442025 0.004850876
-0.8157169 5.570245 3.380056 0.0463153 0.0235838 -0.2321048 -0.5218202 -0.7485194 -0.1281702 0.06645139 -0.02475304 -0.03293816
0.1004192 3.533067 12.3411 0.03905702 0.05358442 -0.2015883 -0.2433915 -0.2838181 1.818441 0.004331978 -0.006014632 -0.063288
-0.1294196 0.05431263 0.03083592 0.0604579 0.01061527 -0.0004064195 -0.06570629 -0.07453609 -0.1236217 0.01280217 -0.005852208 -0.001776844
-0.009594219 0.02322708 0.0510189 0.01072928 0.03739197 0.003956155 0.009107308 -0.008075846 -0.009855754 0.004664011 -0.0008135358 0.003652944
0.08827874 -0.2402167 -0.1888836 -0.001400233 0.003963994 0.06392318 0.04951311 0.007935035 -0.09900272 -0.0006539666 0.00577536 0.01316732
0.5339702 -0.5038753 -0.02839392 -0.04880088 0.007851281 0.02420982 0.1185044 0.1572448 0.1088357 -0.01982629 0.003549699 0.004667263
1.120935 -1.084854 -0.06030008 -0.06441315 -0.01405063 0.005806943 0.1747006 0.3161249 0.2097009 -0.03991426 -0.001402862 -0.004589915
-0.1687573 -0.07613789 1.887742 -0.1229085 0.007674143 -0.1134305 0.09781072 0.1935889 0.8621926 -0.02839761 0.009107537 -0.02245753
-0.1543937 0.08124488 0.01011882 0.01291668 0.004663219 0.0005680046 -0.02152569 -0.03781707 -0.02496245 0.00557385 -1.156382e-06 0.0006515613
-0.035686 -0.01832091 0.001876546 -0.00684295 -0.001648968 0.006102844 0.00900896 0.001979424 0.01314764 -0.0006405983 0.001843346 0.001515896
0.02156304 -0.03875277 -0.05068022 -0.002548889 0.004555022 0.01136196 0.01308048 0.004233841 -0.01539219 -0.0002133241 0.001175137 0.002867152
2.568269 0.01308147 -0.3103319 -0.01075794 -0.05008395 -0.03319608
0.01308147 3.861055 1.840758 0.003963783 -0.06053154 -0.03775977
-0.3103319 1.840758 10.04193 0.212609 -0.04413577 -0.2240335
-0.01075794 0.003963783 0.212609 0.04770446 -0.004258886 -0.006213315
-0.05008395 -0.06053154 -0.04413577 -0.004258886 0.02248444 0.005874579
-0.03319608 -0.03775977 -0.2240335 -0.006213315 0.005874579 0.04541895
0.1334728 -1.014988 3.504908 -2.240907 -2.151034 33.61795
ACTA
1
CTAG
3.238048 0.09556723 -0.1812501 -0.008313295 -0.04741532 -0.05086599 1.660511 1.044615 -0.08046727 -0.02487397 0.01776478 -0.01595011
0.1856939 3.481198 1.918057 0.01591837 -0.1047634 -0.1192869 -0.3041778 -1.240995 0.06558103 0.01051435 0.002501635 -0.04079454
-0.224444 2.062739 9.044301 0.1938767 -0.05806821 -0.2218188 -0.8103297 -1.370304 2.027253 0.006898337 -0.02342476 -0.09105344
-0.01736126 0.03255312 0.1934193 0.05548384 -0.001490147 -0.005932734 -0.1045704 -0.1708429 -0.005771438 0.01424497 -0.007296105 -0.00377783
-0.06911064 -0.1065426 -0.05686321 -0.002175563 0.0276948 0.006731383 -0.03770832 -0.02528059 -0.04896084 0.002583832 0.002722128 0.003342136
-0.1141847 -0.1072136 -0.1963507 -0.006240967 0.005869895 0.03539687 -0.1143477 0.06231514 -0.03166047 -0.00412675 0.004997088 0.0144995
0.8747991 -0.06975744 -0.1132826 -0.0215178 -0.004742875 0.02233385 0.3932334 0.4130918 -0.01431597 -0.0162929 0.01339311 0.01116567
-0.2296275 -0.883185 -0.3752122 -0.1030631 -0.001486476 0.01226948 0.219878 0.5601273 0.1780928 -0.03021552 0.004071386 0.003891808
0.7975365 0.3426785 1.536005 -0.05901232 -0.0445274 -0.04271769 0.4325106 0.3581471 0.4822106 -0.03452748 0.01060428 -0.01493182
-0.06186777 0.03129026 0.008664882 0.01554403 0.005260991 -0.0008199264 -0.06092844 -0.08700892 -0.02826858 0.005673399 -0.001798413 -0.0005415132
-0.04817389 -0.02410241 -0.01013575 -0.006556219 0.002197239 0.003608843 -0.01746722 0.0126669 0.00587862 -0.001691757 0.000994686 0.001562488
0.01718745 0.04221124 -0.02756614 0.003234528 0.0002363476 0.007325341 -0.02465212 -0.008575674 -0.018894 0.0001971469 0.001325401 0.003170068
1.487953 0.05910086 -0.07896276 -0.002796266 0.012309 0.006344367
0.05910086 3.533356 0.5588445 -0.003626881 -0.01430938 -0.09512373
-0.07896276 0.5588445 9.153477 0.02106757 -0.1250184 -0.2497913
-0.002796266 -0.003626881 0.02106757 0.02767709 -9.826491e-06 0.001126212
0.012309 -0.01430938 -0.1250184 -9.826491e-06 0.02308027 0.01186489
0.006344367 -0.09512373 -0.2497913 0.001126212 0.01186489 0.03894592
-0.04264752 -0.9490543 3.377301 1.658972 1.739054 32.56379
ACTA
2
CTAG
3.579541 -0.1779863 -0.5311088 -0.07645548 -0.07566219 0.02567639 1.194353 0.1136866 0.7831003 -0.07721016 -0.04848127 -0.02866578
-0.490809 4.880925 2.079092 0.1073933 -0.01576052 -0.01680249 0.1144966 -1.651887 -0.3801426 0.1406449 0.008498763 -0.049111
-0.5361721 1.907923 11.15157 0.2225341 -0.04322582 -0.2701307 -0.2242143 -0.3030549 1.681685 -6.616753e-05 0.01395488 -0.06197204
-0.1047793 0.0763592 0.2352264 0.06570125 -0.0007020785 -0.01261393 -0.03974821 -0.1405572 -0.1272887 0.02216381 -0.00373109 -0.001899983
-0.07350745 -0.02258087 -0.03844375 -0.000689692 0.02300114 0.005878939 0.005299085 -0.04796596 -0.03525499 0.00698623 0.002630247 8.228838e-05
-0.007526852 0.0293974 -0.2788678 -0.01012772 0.004966151 0.062026 -0.08138779 0.09541947 -0.06330415 -0.004996957 -0.003515795 0.02127817
1.124472 -0.00158703 -0.273333 -0.04963678 -0.01535449 0.0780113 0.2876834 0.1748198 0.2500819 -0.03575712 -0.01749821 0.01479413
0.04514521 -1.60635 -0.3451822 -0.1436713 -0.0208616 -0.03539279 -0.04962541 0.7892578 0.4629062 -0.08784709 0.0101627 0.00491852
1.034319 0.04569524 1.79509 -0.09449388 -0.04894544 -0.01949742 0.2771005 0.3685293 0.8308986 -0.07405769 -0.006059193 -0.009196399
-0.1082449 0.09101041 0.01795853 0.02162815 0.006328765 -0.002875082 -0.02239681 -0.08703528 -0.07968636 0.0124151 0.0003543362 -0.001183676
-0.03238703 -0.02216383 -0.008585949 -0.007551046 0.001874757 0.00458555 -0.01619984 0.02791611 0.009586379 -0.002637753 0.0008963723 0.002001773
0.03013252 0.121119 -0.05487537 0.004177603 0.001357804 0.01824803 -0.005189103 -0.02500173 -0.03518949 0.003251082 -0.001869028 0.004670689
1.487953 0.05910086 -0.07896276 -0.002796266 0.012309 0.006344367
0.05910086 3.533356 0.5588445 -0.003626881 -0.01430938 -0.09512373
-0.07896276 0.5588445 9.153477 0.02106757 -0.1250184 -0.2497913
-0.002796266 -0.003626881 0.02106757 0.02767709 -9.826491e-06 0.001126212
0.012309 -0.01430938 -0.1250184 -9.826491e-06 0.02308027 0.01186489
0.006344367 -0.09512373 -0.2497913 0.001126212 0.01186489 0.03894592
1.219103 -0.01510231 3.290732 4.507746 2.078109 37.63457
CTAG
1
TAGA
2.290382 -0.01710115 0.3077349 -0.07441285 -0.02571039 0.1125045 1.152175 -0.1262916 0.1298367 -0.03592375 0.03225164 -0.08204802
-0.4609049 4.104815 0.9801442 0.04599741 -0.003597842 -0.1706259 -0.2603366 -2.109144 -0.5307974 0.1794572 -0.02152061 -0.03071815
-0.218531 0.7628311 9.778969 -0.01430131 -0.07691377 -0.2995592 -0.7166326 -0.06464462 2.006357 0.05084109 -0.02378678 -0.03896307
-0.1201459 0.04567971 -0.0165772 0.03833758 0.0009263468 -0.006691135 -0.1051968 -0.1486171 -0.0008638377 0.02047884 -0.005481129 0.003082477
-0.01374005 0.002082874 -0.07148019 0.001019365 0.02242516 0.01020755 0.02752579 -0.0451771 0.004059307 0.006102846 0.0001287406 0.002100753
0.156555 -0.1624973 -0.2922182 -0.004109276 0.008850678 0.05138205 -0.07276168 0.1458016 0.01401238 -0.01430772 -0.004761473 0.02075059
1.707609 -0.4096018 0.07451007 -0.08642961 0.004542601 0.1153312 0.8879376 0.202752 0.1522319 -0.05340464 0.02681685 -0.04854716
0.3619488 -1.111172 0.0261054 -0.06344352 -0.006517298 -0.005994755 0.5874965 0.5332953 0.1185628 -0.05846801 0.02936669 -0.04687113
0.4977158 -1.013082 2.070219 -0.02822583 0.0002120395 -0.03412389 0.4268937 0.3654533 0.6119758 -0.02800148 0.01914628 -0.05001577
-0.1561996 0.1353896 0.03329862 0.01879469 0.005414844 -0.009677749 -0.1010793 -0.1126972 -0.009735538 0.01512487 -0.004467957 0.005158347
0.03776647 -0.02014648 -0.04651274 -0.005174958 0.001998443 0.005723496 0.02253092 0.02236516 -0.003886758 -0.003226839 0.0007994361 0.0002274166
0.1189526 0.00711093 -0.06733124 -8.902494e-05 0.002607956 0.02104199 -0.01245062 0.01022867 0.007554538 -0.002324671 -0.00199762 0.006059701
2.614724 0.09041278 0.05318382 -0.01034868 0.05857155 0.01927701
0.09041278 4.468617 1.634298 -0.03837699 -0.06755543 -0.04590364
0.05318382 1.634298 11.137 -0.3031996 -0.09039212 -0.2348237
-0.01034868 -0.03837699 -0.3031996 0.05377728 0.005022276 0.006718764
0.05857155 -0.06755543 -0.09039212 0.005022276 0.02623239 0.006567135
0.01927701 -0.04590364 -0.2348237 0.006718764 0.006567135 0.04207562
1.413855 0.4870693 3.084227 2.865521 1.400456 37.31992
CTAG
2
TAGA
3.63482 -0.7914099 -1.196768 -0.1554301 0.04331805 -0.1331581 1.394108 1.936916 -0.04882185 -0.1507579 0.03867034 -0.04667069
-0.9977597 5.299527 1.010276 0.08681232 -0.02481585 -0.159722 -0.8256474 -2.10067 -0.6339372 0.1610962 -0.03025901 -0.02124156
-1.81605 1.484517 11.4848 0.2117682 -0.1354644 -0.2182601 -1.340677 -2.6162 1.969345 0.1638034 -0.1296822 -0.06699721
-0.2163337 0.1208228 0.1831758 0.04412807 -0.001741187 0.01025565 -0.1625558 -0.2368974 -0.01559209 0.02422479 -0.006692706 0.003595765
0.04968658 -0.01128356 -0.1252464 0.0005813448 0.02540661 0.01416583 0.03509068 -0.002982985 -0.03646457 0.005251449 0.004308901 0.008966983
-0.09856839 -0.1605997 -0.2425784 0.008059202 0.01247432 0.06316917 -0.03219835 -0.0821686 -0.05567976 0.005241319 0.005431275 0.01809786
2.719811 -1.096454 -1.135502 -0.144844 0.05825789 -0.05822267 1.157114 1.629925 -0.002925539 -0.1275184 0.03853841 -0.02043143
1.477466 -1.75844 -0.6512763 -0.1285018 0.01138507 -0.09461692 0.8229624 1.538196 0.2573698 -0.119259 0.0195832 -0.03438474
1.244364 -1.523103 1.825919 -0.03946145 0.0145079 -0.1031018 0.5092976 0.8619827 0.632239 -0.0638484 -0.006895348 -0.0335218
-0.2786465 0.2349452 0.1777864 0.02754582 0.001110423 0.009683447 -0.1498055 -0.2556596 -0.02127765 0.0225883 -0.004753605 0.004972831
0.05894666 -0.03954633 -0.08860382 -0.006766786 0.00341077 0.002435524 0.03611464 0.04980016 -0.009126884 -0.004099462 0.00208312 0.0009051829
0.02594157 0.01405519 -0.06810555 0.004690527 0.005463036 0.02051301 -0.004377257 -0.04200558 -0.03090691 0.003032712 0.001961072 0.006042168
2.614724 0.09041278 0.05318382 -0.01034868 0.05857155 0.01927701
0.09041278 4.468617 1.634298 -0.03837699 -0.06755543 -0.04590364
0.05318382 1.634298 11.137 -0.3031996 -0.09039212 -0.2348237
-0.01034868 -0.03837699 -0.3031996 0.05377728 0.005022276 0.006718764
0.05857155 -0.06755543 -0.09039212 0.005022276 0.02623239 0.006567135
0.01927701 -0.04590364 -0.2348237 0.006718764 0.006567135 0.04207562
-1.672607 0.4832019 3.084491 -3.638018 2.82191 36.5628
CTAG
3
TAGA
1.461621 0.006378015 -0.1422526 0.02000904 0.02212195 0.00630906 1.706083 -0.3706783 -0.08335704 0.009804284 0.04746487 -0.09231279
-0.002622785 3.386106 1.003989 0.01319781 -0.02220233 -0.04258126 0.03619125 -0.8841189 -0.7099846 0.09981675 -0.003146166 -0.03579032
-0.4591239 1.215629 9.499088 0.05939878 -0.1717962 -0.250145 -1.646005 -0.1920633 1.962842 0.09770156 -0.1111858 0.006733056
-0.01020375 0.05666611 0.06719295 0.03477606 -0.0004259979 -4.153573e-05 -0.1270429 -0.0826008 -0.005948611 0.01941374 -0.009969426 0.001565057
0.02497271 -0.01762893 -0.166075 0.001086383 0.02515489 0.01479019 0.02519292 0.004919629 0.002710514 0.001398721 0.001520997 0.00590483
0.01727663 -0.06277555 -0.2736749 -0.0008172543 0.01303504 0.03548741 -0.1140412 0.1697633 0.008475308 -0.01183924 -0.004103941 0.01929718
1.01819 -0.3355887 -0.3860854 -0.01573385 0.04229717 0.02851084 1.236875 -0.06360496 0.02406425 -0.01873214 0.04022536 -0.05031106
0.2523337 -1.107106 -0.2427099 -0.0410565 0.005104739 -0.04072209 0.7155478 -0.007037807 0.1596063 -0.03214291 0.03298701 -0.04116362
0.3430287 -0.8525519 1.703611 0.01995726 -0.001030638 -0.06630035 0.3554613 -0.107656 0.6097502 0.01087891 0.0002056012 -0.03378186
-0.06645529 0.1212342 0.06793071 0.01284906 0.002416026 0.001584924 -0.1327224 -0.03149118 -0.008145991 0.009864747 -0.006452465 0.005746716
0.01597896 -0.01908454 -0.06507399 -0.004117924 0.003220204 0.003507131 0.02989252 0.01629474 -0.004795983 -0.003059742 0.001831223 0.0004118084
0.04937848 0.04114782 -0.06572081 0.003599244 0.005092797 0.01383688 -0.01327246 0.0391977 -0.005038793 -0.001137289 -0.001616846 0.005024998
2.614724 0.09041278 0.05318382 -0.01034868 0.05857155 0.01927701
0.09041278 4.468617 1.634298 -0.03837699 -0.06755543 -0.04590364
0.05318382 1.634298 11.137 -0.3031996 -0.09039212 -0.2348237
-0.01034868 -0.03837699 -0.3031996 0.05377728 0.005022276 0.006718764
0.05857155 -0.06755543 -0.09039212 0.005022276 0.02623239 0.006567135
0.01927701 -0.04590364 -0.2348237 0.006718764 0.006567135 0.04207562
-0.1481945 -0.4929984 2.945567 -0.04854665 11.43174 24.51209
TAGA
1
AGAT
2.785665 -0.05991129 -0.1510494 -0.00171001 0.008952724 0.04538239 0.7117172 -0.1805518 -0.07731921 -0.01113265 0.01274209 -0.02080304
0.08582776 4.510526 1.748902 0.01427346 -0.06500186 -0.1298961 0.9432133 -2.222369 0.08257824 0.1052937 -0.0309944 -0.0418375
-0.3257988 1.677105 11.13743 -0.258534 -0.09882755 -0.2662915 -0.4962825 0.04986105 1.73884 0.0974258 -0.05043104 -0.07513486
0.01156061 0.0259945 -0.2598704 0.05760389 0.01073757 0.004842703 0.02860423 -0.2074403 -0.006037822 0.01782043 -0.002170277 0.003999371
0.01717467 -0.07873095 -0.1057843 0.008181749 0.0389826 0.005942786 0.02114593 -0.07864627 -0.002744091 0.008222022 0.001523316 0.00663819
0.02692563 -0.1454295 -0.2737753 0.003646209 0.002953116 0.04399974 -0.206183 0.2417445 -0.006898172 -0.01133631 0.001585642 0.01280964
0.6617469 -0.2235314 -0.3705025 -0.0400037 -0.002533454 -0.01317944 0.3424573 0.01101871 -0.1299558 -0.0198416 0.008411632 -0.01473894
-0.5013155 -1.317198 0.2117494 -0.1026818 -0.0924226 0.0435383 -0.700623 1.404398 0.05632831 -0.08103773 0.006335612 0.003796497
-0.3205849 -0.1959724 1.724406 -0.0363863 -0.02336061 0.0008922139 -0.4737726 0.4650883 0.3336526 -5.169227e-05 -0.007769013 0.003225597
-0.01896715 0.07011259 0.05765314 0.01366647 0.01021754 -0.003876878 0.02216273 -0.1077101 0.01739639 0.009347227 -0.001247443 0.0009707673
-0.0006311776 -0.02950386 -0.03776134 -0.003563081 0.001207279 0.002399044 -0.00869775 0.02810397 -0.00674284 -0.0022179 0.0005687165 0.0006892678
0.05184621 0.03646654 -0.08907241 0.005731686 0.009008185 0.006458758 0.01029279 -0.03792526 -0.009393246 0.002356387 0.0003359434 0.002497102
3.817782 -0.1402926 0.9103877 -0.08294074 0.01275663 -0.06702999
-0.1402926 4.558191 1.335071 -0.05285818 0.01813389 -0.1877999
0.9103877 1.335071 11.29532 -0.3255101 -0.01167249 -0.1335968
-0.08294074 -0.05285818 -0.3255101 0.0550557 -0.0054593 0.003478919
0.01275663 0.01813389 -0.01167249 -0.0054593 0.02357523 0.002724264
-0.06702999 -0.1877999 -0.1335968 0.003478919 0.002724264 0.04698165
0.22787 -0.8117426 3.301965 -0.2096392 3.124147 29.3161
TAGA
2
AGAT
3.288669 0.8091067 -0.6465184 0.007430246 0.1402292 0.002807502 1.034707 -0.6056676 0.09138278 0.03032183 0.01585928 0.05982103
1.133888 7.709509 1.402532 -0.02393541 -0.020782 0.0200838 0.6405347 -2.179194 0.3543133 0.1322216 -0.05904505 0.102109
-0.7188392 1.554819 13.95711 -0.3839391 -0.1806524 -0.2042864 -0.7665023 0.2497838 1.5548 0.1003473 -0.03280241 -0.08533605
0.02850477 -0.005337058 -0.4045178 0.06929243 0.009304965 -0.0009412209 0.01745442 -0.1826815 -0.02724054 0.01535226 -0.005406941 0.002687088
0.1041694 -0.07358187 -0.1637903 0.006139629 0.02614679 0.01144242 -0.05547454 0.03798341 0.01838324 0.001263605 0.004379356 0.006810603
-0.01666647 -0.01767781 -0.224814 -0.002929861 0.009832338 0.04693026 -0.1306635 0.1392334 -0.02964446 -0.007594233 0.005493835 0.02082403
0.7849061 -0.2582974 -0.5831025 -0.03124408 0.02810356 -0.03310959 0.3929179 -0.03423138 -0.04805712 -0.01237072 0.008217004 -0.008178553
-1.200243 -2.31815 0.8683944 -0.112117 -0.08944373 0.001399502 -0.3911756 1.048354 -0.1085585 -0.07194386 0.01579896 -0.04572824
-0.6185573 -0.4728054 2.395685 -0.06161761 -0.04452276 0.003030829 -0.4240823 0.3948961 0.2183203 -1.115008e-05 0.0001877607 -0.01177788
0.01425296 0.09272165 0.03366085 0.01445634 0.00510721 -0.001093743 -0.0119031 -0.06265944 0.01866024 0.006919628 -0.001715977 0.001519552
-0.002044014 -0.03320057 -0.03579392 -0.004218669 0.001119 0.002507518 -0.006843382 0.02701197 -0.004986829 -0.002292267 0.001074363 0.0005615985
0.09464631 0.1219656 -0.1278285 0.004920557 0.009987317 0.009589801 0.002383224 -0.02951735 4.467359e-05 0.002223144 0.000812992 0.007245778
3.817782 -0.1402926 0.9103877 -0.08294074 0.01275663 -0.06702999
-0.1402926 4.558191 1.335071 -0.05285818 0.01813389 -0.1877999
0.9103877 1.335071 11.29532 -0.3255101 -0.01167249 -0.1335968
-0.08294074 -0.05285818 -0.3255101 0.0550557 -0.0054593 0.003478919
0.01275663 0.01813389 -0.01167249 -0.0054593 0.02357523 0.002724264
-0.06702999 -0.1877999 -0.1335968 0.003478919 0.002724264 0.04698165
0.4352862 0.07267259 3.136652 -1.887785 6.835521 29.61007
TAGA
3
AGAT
2.675559 -0.1342469 0.09559552 -0.04541174 0.04751301 0.004031352 0.3040963 0.4870793 -0.07464767 -0.05742105 -0.01297791 -0.02670912
0.2430804 5.228866 2.585091 0.01794613 -0.003623156 -0.03912124 0.1978241 -2.040296 0.1358148 0.1366514 -0.03717939 0.003422139
0.2282369 2.425211 12.17213 -0.253912 -0.0191267 -0.2778893 -0.08381351 -0.7132792 2.085565 0.06187121 -0.03253129 -0.03968039
-0.009705585 0.03430542 -0.2326798 0.05901989 0.007187652 0.007973784 0.01806566 -0.1747801 -0.02977219 0.01863344 -0.005317878 0.00284706
0.07098054 -0.003862482 -0.0159087 0.006515835 0.02495216 0.004211176 0.0007928939 -0.07595944 -0.0214712 0.009514339 -0.0007119135 0.006164924
-0.00270089 -0.01816799 -0.2900505 0.01047111 0.004410505 0.06075166 -0.1147876 0.06773323 -0.01994375 -0.001895433 0.003830024 0.01535446
0.6355741 -0.4673522 -0.4349193 -0.05926969 0.0009012749 -0.04653874 0.1693959 0.3629997 -0.1200361 -0.04055082 0.00191393 -0.02231078
-0.6484334 -1.585684 -0.3250218 -0.0883212 -0.07406036 0.03665129 -0.2413972 1.010515 0.1161033 -0.08065022 0.02445056 -0.00330317
-0.272932 0.001138853 1.781972 -0.02326481 -0.01111452 0.01363151 -0.1821592 0.05531473 0.3838107 0.004390384 0.001274401 0.009210476
-0.0011615 0.1032857 0.1067248 0.01378635 0.007125091 -0.002771283 0.008506047 -0.1028306 0.01162861 0.009928037 -0.002354995 0.001476365
-0.0001436539 -0.02904152 -0.04392909 -0.003560947 0.0004944562 0.002312152 -0.005113168 0.02264785 -0.007283382 -0.001909213 0.0007825362 0.0005653436
0.05828918 0.07727875 -0.05608868 0.005627214 0.007168362 0.009251043 -0.00471813 -0.04063671 -0.01667086 0.003854679 -0.0005814937 0.003206117
3.817782 -0.1402926 0.9103877 -0.08294074 0.01275663 -0.06702999
-0.1402926 4.558191 1.335071 -0.05285818 0.01813389 -0.1877999
0.9103877 1.335071 11.29532 -0.3255101 -0.01167249 -0.1335968
-0.08294074 -0.05285818 -0.3255101 0.0550557 -0.0054593 0.003478919
0.01275663 0.01813389 -0.01167249 -0.0054593 0.02357523 0.002724264
-0.06702999 -0.1877999 -0.1335968 0.003478919 0.002724264 0.04698165
-1.098588 -0.01566082 3.281625 -3.269085 1.632583 37.00789
AGAT
1
GATC
4.273836 -0.3262053 1.479407 -0.02658986 -0.05378813 -0.2187653 0.717252 0.4714342 0.01853099 -0.03271703 -0.05255891 -0.06976075
-0.3409204 4.590881 1.651742 0.06010396 -0.06107622 -0.01282097 -0.900063 -1.611065 -0.3981003 0.05269165 -0.05489489 0.0198277
1.772065 1.383473 12.80211 -0.315781 -0.005730963 -0.1449994 0.7369303 -0.3565702 1.76273 0.07043605 -0.01125753 -0.07797261
-0.05985041 0.06033044 -0.3226734 0.07014274 -0.003780787 0.01055745 -0.1389897 -0.1346283 -0.02818885 0.01551089 -0.007270913 -0.0004649381
-0.03988168 -0.06566209 -0.007201485 -0.003990341 0.02309391 0.009110474 0.03326411 -0.02020566 -0.01490353 0.002001201 -0.0003705936 0.006100897
-0.1739261 -0.05161431 -0.1022327 0.005922038 0.008271122 0.06382988 0.04115956 -0.04043551 0.03736562 0.004868642 0.01191524 0.01566579
1.495334 -1.161158 0.6684495 -0.09795797 0.01179869 -0.0853213 0.5752851 0.6155589 0.1376513 -0.0348906 -0.0001181485 -0.02660031
0.3973767 -1.42359 -0.3122966 -0.1614029 -0.004526845 -0.174955 0.3638325 0.8920777 -0.005246015 -0.06493872 0.003801406 -0.04253901
1.469443 -1.252968 2.048008 0.02979691 -0.005148343 -0.1641504 0.2775133 0.4053902 0.4124296 0.0124882 -0.02858963 -0.0661167
-0.09061938 0.06323713 0.1161015 0.01956306 0.006952 0.0143279 -0.03954038 -0.08677427 0.02186324 0.009188589 -0.001211758 0.003157041
-0.1085114 0.004097692 -0.04474739 -0.008544126 0.002164041 0.01274052 0.007537947 0.00224395 3.204725e-05 -0.001395979 0.00389881 0.004180111
-0.01783908 0.03568085 -0.03298644 0.006585224 -0.00018316 0.02924484 0.01383071 -0.03582513 0.01309162 0.002843816 0.004461285 0.00671192
2.905261 -0.004543549 0.08750031 -0.03414439 0.005475708 -0.0136419
-0.004543549 7.716538 2.382529 0.02372628 -0.02720951 -0.1963984
0.08750031 2.382529 12.50654 0.02726748 0.05234409 -0.1564645
-0.03414439 0.02372628 0.02726748 0.04984962 0.0005496394 -0.001952181
0.005475708 -0.02720951 0.05234409 0.0005496394 0.04416138 0.00377156
-0.0136419 -0.1963984 -0.1564645 -0.001952181 0.00377156 0.06985079
-1.060387 0.109059 3.364382 -4.204115 1.917251 39.51875
AGAT
2
GATC
2.739183 -0.8103025 0.8971578 -0.139619 -0.00147889 -0.002687691 0.9932131 -0.1413033 0.05357543 -0.1031813 -0.0982434 0.1003741
-0.4303154 4.131633 1.470222 -0.01076258 0.02021452 -0.1923889 -0.1747442 -1.621585 0.5830651 0.07978938 -0.07846683 0.009148458
1.087137 0.9178761 10.69006 -0.317815 0.0115203 -0.1388058 0.6741175 -0.3222793 2.493421 0.08045927 -0.07812122 -0.05257434
-0.1569105 -0.009973792 -0.3220354 0.05468986 -0.001898659 0.001281283 -0.1171175 -0.1755558 0.04304132 0.01861995 -0.004931963 0.004723655
0.003024953 0.01111531 0.02099028 -0.00172991 0.01665878 0.0005632622 0.02905024 -0.02650167 -0.0003744386 0.008331108 0.0001285924 -0.001412941
-0.01292792 -0.2043768 -0.1551926 0.00197857 0.0003495936 0.03345538 0.01992629 -0.08128226 -0.1352534 0.002231204 0.002681119 0.02677062
1.1132 -1.07668 0.5140909 -0.1004728 0.006627996 0.03076602 0.4816655 0.4736132 -0.07616712 -0.06113125 -0.01040203 0.0171097
0.2920172 -0.7149974 0.01259748 -0.09163574 -0.0125466 -0.02595343 0.1424006 1.124877 -0.04243729 -0.07289208 0.03663294 -0.08632789
0.5933771 -1.09831 1.653237 0.01335103 -0.005218856 -0.02109871 0.125151 0.3049684 0.6918962 0.005260537 -0.02028606 -0.0396895
-0.08427589 0.03930119 0.08449168 0.01547403 0.004864738 0.0001760435 -0.03572847 -0.09746937 0.0546536 0.0135436 -0.002003775 0.001607153
-0.03560594 9.84047e-05 -0.03293096 -0.004725301 5.344941e-05 0.004786004 -0.001003729 0.01461056 -0.03880547 -0.001043971 0.003162501 0.001738252
0.03125462 -0.07113128 -0.07450634 0.0006968237 -0.001561876 0.01534921 0.01867247 -0.06967474 -0.06546573 -0.0001477735 -0.001503799 0.01662247
2.905261 -0.004543549 0.08750031 -0.03414439 0.005475708 -0.0136419
-0.004543549 7.716538 2.382529 0.02372628 -0.02720951 -0.1963984
0.08750031 2.382529 12.50654 0.02726748 0.05234409 -0.1564645
-0.03414439 0.02372628 0.02726748 0.04984962 0.0005496394 -0.001952181
0.005475708 -0.02720951 0.05234409 0.0005496394 0.04416138 0.00377156
-0.0136419 -0.1963984 -0.1564645 -0.001952181 0.00377156 0.06985079
0.2762858 -0.750143 3.470669 0.1298425 -0.6095386 36.54432
AGAT
3
GATC
7.250065 0.4545842 1.004958 -0.09719466 0.08874008 -0.002117223 0.7488186 -0.4844858 0.1030464 -0.05311884 -0.07288763 0.1223135
0.4500169 6.24392 1.04047 -0.01287955 0.08608076 -0.2683482 -0.6770312 -1.154445 -0.1211567 0.09149043 -0.09837909 -0.05426702
1.460017 0.5319768 14.38654 -0.2898036 -0.01169495 -0.1791001 0.5220614 -0.5006104 2.010589 0.08968891 -0.05936437 -0.04288098
-0.1579213 -0.03426683 -0.3048586 0.08023358 -0.01235054 0.007062291 -0.1258821 -0.1605069 0.02235697 0.01660671 -0.008433609 0.001322828
0.08964437 0.08253284 0.007267288 -0.01107152 0.02919428 0.003268356 0.02481002 -0.0162138 0.01859132 0.005570884 0.0005816801 -0.002453168
-0.001847057 -0.2789965 -0.1857019 0.003741646 0.003762922 0.1039111 0.04275125 -0.06029587 0.02118759 -0.002921647 0.01094407 0.0286707
2.365995 -1.076607 0.6948901 -0.1165086 0.03604344 0.02838015 0.5144326 0.2496105 0.08218219 -0.04668941 0.004038959 0.04017472
-0.3118317 -1.19882 -0.004335973 -0.1481513 -0.03023605 -0.2030127 0.2775813 0.9153438 -0.1887459 -0.06012817 0.0253728 -0.06587888
1.136247 -1.635095 2.743858 0.07272226 -0.04308643 -0.1240548 0.1730891 0.02444046 0.5198014 0.01680527 -0.02690497 -0.02081266
-0.1174038 0.03072547 0.1533662 0.02200163 0.003785326 0.009564851 -0.04042098 -0.08100825 0.05450908 0.01083229 -0.00241188 -0.0003748497
-0.1204524 -0.02167272 -0.06250067 -0.009533252 0.0007426315 0.01447433 0.007241143 0.02472478 -0.01338853 -0.002391351 0.004350436 0.001868367
0.1220969 -0.06735613 -0.09790611 0.004223617 0.001081045 0.05177006 0.01996708 -0.05902538 0.007132552 -0.001563864 0.0029074 0.0171859
2.905261 -0.004543549 0.08750031 -0.03414439 0.005475708 -0.0136419
-0.004543549 7.716538 2.382529 0.02372628 -0.02720951 -0.1963984
0.08750031 2.382529 12.50654 0.02726748 0.05234409 -0.1564645
-0.03414439 0.02372628 0.02726748 0.04984962 0.0005496394 -0.001952181
0.005475708 -0.02720951 0.05234409 0.0005496394 0.04416138 0.00377156
-0.0136419 -0.1963984 -0.1564645 -0.001952181 0.00377156 0.06985079
-0.4544997 -0.01017095 3.513706 -0.6096658 -1.205764 43.41968
AGAT
4
GATC
7.688204 -0.8279225 0.2847111 -0.1262289 0.06586442 -0.08236125 0.3929703 0.507888 0.116263 -0.08316296 -0.04468183 0.007093497
-0.7742547 6.437714 2.297878 0.0263805 0.1416915 -0.3015366 -0.2455643 -0.9935697 0.3226909 0.07109566 -0.04133944 -0.1207301
0.885314 2.075166 10.62556 -0.1736149 -0.0166421 -0.1297024 0.2941123 -0.4772902 1.711191 0.138757 -0.09150251 -0.05240651
-0.1752429 0.063556 -0.1972033 0.06692976 0.002522239 0.007966409 -0.1083762 -0.1431476 0.03110975 0.01714563 -0.006898076 0.003644439
0.109084 0.1103874 -0.04704919 8.876404e-06 0.05467704 0.006273761 0.0320614 -0.02715339 0.01064028 0.007307138 -0.001297922 0.001286638
-0.02243217 -0.3205009 -0.1526308 0.00451109 0.003632114 0.06765314 0.02821984 -0.05767901 -0.07570186 -0.003936217 0.006527012 0.02955502
2.789126 -1.553109 -0.01534913 -0.1128795 0.0171526 0.02013446 0.2965306 0.4972444 -0.009627075 -0.04985109 -0.001995986 0.01875579
0.15382 -1.381449 -0.4393535 -0.1448796 -0.09029225 -0.09739729 0.1740674 0.7742244 -0.06449086 -0.05419428 0.0176387 -0.04802205
1.549444 -1.305923 1.44984 0.05397657 -0.03224583 -0.0429058 -0.03556345 0.169623 0.4908102 0.03353948 -0.03934412 -0.0144267
-0.1479297 0.124446 0.1244332 0.02374844 0.01772099 0.00887914 -0.02899767 -0.09248411 0.04144954 0.01279472 -0.00362034 0.002947189
-0.132451 -0.02730254 -0.03615905 -0.007245542 -0.001671045 0.009792969 0.01183867 0.00394019 -0.02639605 -0.002436974 0.003329603 0.003483907
0.100853 -0.1130612 -0.06153484 0.002761269 -0.001123938 0.03014407 0.01149442 -0.03530033 -0.03658842 -0.003191368 0.002159082 0.01428163
2.905261 -0.004543549 0.08750031 -0.03414439 0.005475708 -0.0136419
-0.004543549 7.716538 2.382529 0.02372628 -0.02720951 -0.1963984
0.08750031 2.382529 12.50654 0.02726748 0.05234409 -0.1564645
-0.03414439 0.02372628 0.02726748 0.04984962 0.0005496394 -0.001952181
0.005475708 -0.02720951 0.05234409 0.0005496394 0.04416138 0.00377156
-0.0136419 -0.1963984 -0.1564645 -0.001952181 0.00377156 0.06985079
-0.1686981 -0.986806 3.654561 2.069204 1.647456 37.55195
GATC
1
ATCG
2.442843 -0.3424294 -0.117721 -0.0371304 0.03974764 -0.005997787 1.606535 1.558101 -0.7628279 -0.09784015 -0.01750652 -0.02124857
0.1812159 10.64714 0.6594279 0.05961819 -0.1129568 -0.1386915 -0.7404679 -1.03539 0.07912621 0.08232519 0.03224105 -0.08501849
-0.21504 0.8685847 10.25972 0.04246684 0.02013153 -0.2045323 -0.500547 -0.8333656 1.455515 0.02991514 -0.0416807 -0.0144986
-0.01632869 0.1315358 0.008312222 0.05376616 0.00163547 0.0002302953 -0.0704683 -0.08283879 -0.03888879 0.0196048 -0.002420081 -0.002069017
0.02775452 -0.07821669 0.01196538 0.002431731 0.04732667 -0.007993321 0.0499652 -0.02154475 -0.01272174 0.00675371 0.001486078 0.007895769
-0.01402225 -0.1219768 -0.2101729 -0.0001929193 -0.00808642 0.04773682 -0.0897836 -0.09711985 -0.04362294 -0.004262581 0.0004329439 0.01791187
0.4605607 -0.316831 0.01421676 -0.04504897 0.06451762 -0.02376501 0.4208177 0.344606 -0.1056809 -0.02307293 0.0003203464 0.002396324
0.2063356 -1.706657 0.08491212 -0.05397215 -0.03009122 0.01276809 0.3002541 0.4305247 -0.01399182 -0.0434247 -0.007771497 -0.001825794
-0.5348611 -0.7854945 1.419414 -0.04719246 -0.02195332 -0.03270147 -0.2427843 -0.1911722 0.4099643 -0.005063266 -0.003569059 -0.001712814
-0.05906033 0.1855427 -0.01952836 0.01401716 0.002339672 6.100936e-05 -0.06510242 -0.07854637 0.004447165 0.008549995 0.0006809362 0.0005412479
-0.0206805 0.00495951 -0.0114231 -0.002978753 0.0006793645 0.0005106557 -0.01087778 -0.01203863 0.007250874 -0.000106942 0.0004584178 0.0007339293
-0.01182219 0.007519062 -0.05093116 -0.001715388 0.007166009 0.006367152 -0.01559574 -0.03093404 -0.005378752 0.0006749503 0.0008476381 0.004527665
3.41727 0.3160672 -0.7454559 -0.05060671 0.005688203 0.07262929
0.3160672 4.316746 1.149027 0.009185327 -0.02013223 -0.1205285
-0.7454559 1.149027 12.00814 0.3603861 -0.04119267 -0.1294001
-0.05060671 0.009185327 0.3603861 0.0576371 0.009064642 -0.002511864
0.005688203 -0.02013223 -0.04119267 0.009064642 0.02824205 0.004295206
0.07262929 -0.1205285 -0.1294001 -0.002511864 0.004295206 0.05584169
-0.132706 -1.50922 3.540624 -0.05800546 -3.282322 30.46192
GATC
2
ATCG
4.557231 -0.5850506 -0.02169741 -0.1354489 0.003998877 -0.02317547 1.675711 1.516453 -0.6931854 -0.092964 -0.02055331 -0.001268445
